# Created by Octave 3.8.0, Mon Apr 28 21:48:57 2014 EDT <rasesh@Rasesh-the-Sandwich-King.local>
# name: XTest
# type: matrix
# rows: 40
# columns: 4
 3 2 1 4
 3 1 2 4
 4 2 1 3
 2 4 3 1
 1 3 4 2
 2 1 3 4
 1 4 3 2
 2 3 1 4
 3 2 4 1
 1 4 3 2
 1 3 2 4
 2 1 3 4
 2 1 4 3
 2 1 4 3
 4 2 3 1
 4 1 2 3
 4 3 2 1
 1 3 4 2
 2 1 4 3
 3 1 4 2
 1 2 3 4
 2 3 4 1
 4 3 2 1
 2 4 3 1
 4 3 2 1
 2 3 1 4
 1 4 2 3
 1 4 3 2
 1 4 3 2
 3 4 2 1
 1 2 3 4
 1 4 3 2
 1 2 4 3
 1 4 2 3
 4 2 3 1
 2 4 1 3
 2 4 1 3
 2 4 3 1
 3 2 1 4
 3 1 4 2


# name: yTest
# type: matrix
# rows: 40
# columns: 1
 1
 0
 1
 0
 1
 1
 1
 0
 1
 0
 1
 0
 1
 1
 1
 0
 1
 0
 0
 1
 0
 1
 1
 1
 0
 1
 1
 1
 1
 1
 1
 1
 1
 0
 1
 0
 0
 0
 0
 1


